29090892
54354502
148568847
149529970
149530612
149530615
149530616
149531816
153263040
157664422
169718560
170609227
181247620
187906881
260319479
260468600
260468601
260468602
314014814
316520766
390786060
390807840
391206722
442677375
458906971
482976779
510010530
597900912
599403836
615483268
615518890
675065321
675065322
675065323
675065324
675065325
675065326
675065327
675065328
675065329
675065330
675065331
675065332
675065333
675065334
675065335
675065336
675065337
680871101
680871102
680871104
680871105
680871106
680871107
680871108
680871109
680871110
680871111
680871112
680871113
680871114
680871116
680871118
680871119
680871120
680871121
680871122
680871123
680871124
680871125
680871126
680871127
680871128
680871129
680871130
680871131
680871132
680871133
680871134
680871135
680871136
680871137
680871138
680871139
680871140
680871141
680871142
680871143
680871144
680871145
680871146
680871148
680871149
680871150
680871152
680871153
680871154
680871155
680871156
680871157
680871158
680871159
680871160
680871161
680871162
680871163
680871164
680871166
680871167
680871168
680871169
680871170
680871171
680871172
680871173
680871174
680871175
680871176
680871177
680871178
680871179
680871180
680871181
680871182
680871183
680871184
680871185
680871186
680871187
680871188
680871189
680871190
680871191
680871192
680871193
680871194
680871195
680871196
680871197
680871198
680877729
680877730
680877731
681069600
681069601
681255144
681255145
681255146
681255147
681255148
681255149
681255150
681255151
681255153
681255154
681255155
681255156
681255157
681255158
681255159
681255160
681255161
681255162
681255163
681255164
681255165
681255166
681255167
681255168
681255169
681255170
681255171
681255172
681255173
681255174
681255175
681255176
681255177
681255179
681255180
681255181
681255182
681255183
681255184
681255185
681255186
681255187
681255188
681255189
681255190
681255191
681255192
681255193
681255194
681255195
681255196
681255197
681255198
681255199
681255200
681255201
681255202
681255203
681255204
681255205
681255206
681255207
681255208
681255209
681255210
681255211
681255212
681255213
681255214
681255215
681255216
681255217
681255218
681255219
681255221
681255222
681255225
681255227
681255228
681255229
681255230
681255231
681255232
681255233
681255234
681255235
681255236
681255237
681255239
681255240
681255241
681255242
681255243
681696744
681696745
681696746
681696747
681696748
681696749
681696750
681696751
681696752
681696753
681696754
681696755
681696757
681696758
681696759
681696760
681696761
681696762
681696798
681696799
681696800
681696801
681696802
681696803
681696804
681696805
681851298
681851299
681851300
681851301
681851302
681851303
681851304
681851306
681851307
681851309
681851310
681851311
681851312
681851313
681851314
681851315
681851316
681851317
681851318
681851319
681851320
681851321
681851322
681851323
681851324
681851325
681851326
681851327
681851328
681851329
681851330
681851331
681851332
681851333
681851334
681851335
681851336
681851337
681851338
681851339
681851340
681851341
681851342
681851343
681851344
681851345
681851346
681851347
681851348
681851349
681851350
681851351
681851352
681851353
681851354
681851355
681851356
681851357
681851358
681851359
681851360
681851361
681851362
681851363
681851364
681851365
681851366
681851367
681851368
681851369
681851370
681851371
681851372
681851373
681851374
681851375
681851376
681851378
681851379
681851380
681851381
681851382
681851383
681851384
681851385
681851386
681851387
681851388
681851389
681851390
681851391
681851392
681851393
681851394
682994178
682994180
682994183
682994185
682994187
682994190
682994192
682994195
682994197
682994200
682994202
682994204
682994207
682994208
682994210
682994213
682994215
682994216
682994218
682994219
682994220
682994221
682994222
682994223
682994224
682994225
682994226
682994227
682994228
682994229
682994230
682994231
682994232
682994233
682994234
682994235
682994236
682994237
682994238
682994239
682994240
682994241
682994242
682994243
682994244
682994245
682994246
682994247
682994248
682994249
682994250
682994251
682994252
682994253
682994254
682994255
682994256
682994257
682994258
682994259
682994260
682994261
682994262
682994263
682994264
682994265
682994266
682994267
682994268
682994269
682994270
682994271
682994272
682994273
682994274
682994275
682994276
682994277
682994278
682994279
682994280
682994281
682994282
682994283
682994284
682994285
682994286
682994287
682994288
682994289
682994290
682994291
682994292
682994293
682994294
682994295
682994296
682994297
682994298
682994299
682994300
682994301
682994302
682994303
682994304
683975168
683975169
683975172
683975173
683975175
683975176
683975177
683975178
683975179
683975180
683975181
683975182
683975183
683975184
683975185
683975186
683975187
683975188
683975189
683975190
683975191
683975192
683975193
683975194
683975195
683975196
683975197
683975198
683975199
683975200
683975201
683975202
683975203
688431015
688431016
688431017
688431018
688431020
688431021
688431022
688431023
700852778
700852779
733218570
968738655
968738658
968738663
977832381
